// ==================================
// Measurement file for MultigridMC
// ==================================

dim =  2 ;
n =  8;
measurement_locations =  [0.29024507839949776, 0.4429559665392171, 0.5853429177214826, 0.27198343468357844, 0.5548314663629405, 0.6003256545881019, 0.8611419107896262, 0.7290509495477807, 0.18159529376524797, 0.1970308480830405, 0.21807801631421608, 0.8108665924588117, 0.7772204674443542, 0.1887614681566302, 0.661307144773908, 0.8362379329323223] ;
mean =  [3.61481975433166, 3.8952793441150844, 1.3121585243830607, 3.748023044001074, 2.9585703455882237, 3.8433142616389215, 1.8775913482241164, 2.7525362652727217] ;
variance =  [1.1786844516862274e-06, 1.152559743502317e-06, 1.2950206489909962e-06, 1.3675785456999794e-06, 1.8581290452800245e-06, 1.405490964979643e-06, 1.0521778940945152e-06, 1.864273250664901e-06] ;
